1752789131461 0.009624639076034648 500
1752789350241 0.019249278152069296 1000
1752789568625 0.028873917228103944 1500
1752789786007 0.03849855630413859 2000
1752790003378 0.04812319538017324 2500
1752790220269 0.05774783445620789 3000
1752790437090 0.06737247353224254 3500
1752790653746 0.07699711260827719 4000
1752790706215 0.07699711260827719 4000
1752790930915 0.08662175168431184 4500
1752791147908 0.09624639076034648 5000
1752791364780 0.10587102983638114 5500
1752791581523 0.11549566891241578 6000
1752791798849 0.12512030798845045 6500
1752792015943 0.1347449470644851 7000
1752792232983 0.14436958614051973 7500
1752792449225 0.15399422521655437 8000
1752792501739 0.15399422521655437 8000
1752792724110 0.16361886429258904 8500
1752792940652 0.17324350336862368 9000
