1752789131461 0.594209611415863 500
1752789350241 0.4446626305580139 1000
1752789568625 0.4014042615890503 1500
1752789786007 0.3804231286048889 2000
1752790003378 0.3782758414745331 2500
1752790220269 0.36718982458114624 3000
1752790437090 0.42040786147117615 3500
1752790653746 0.37258943915367126 4000
1752790930915 0.36166253685951233 4500
1752791147908 0.31272926926612854 5000
1752791364780 0.3005087971687317 5500
1752791581523 0.31281471252441406 6000
1752791798849 0.29670900106430054 6500
1752792015943 0.29559698700904846 7000
1752792232983 0.3115979731082916 7500
1752792449225 0.28013890981674194 8000
1752792724110 0.30994224548339844 8500
1752792940652 0.27454692125320435 9000
