1752789131461 0.0001996 500
1752789350241 0.0001994997493734336 1000
1752789568625 0.00019899849624060152 1500
1752789786007 0.00019849724310776944 2000
1752790003378 0.00019799598997493736 2500
1752790220269 0.00019749473684210528 3000
1752790437090 0.0001969934837092732 3500
1752790653746 0.0001964922305764411 4000
1752790930915 0.00019599097744360904 4500
1752791147908 0.00019548972431077694 5000
1752791364780 0.00019498847117794488 5500
1752791581523 0.00019448721804511278 6000
1752791798849 0.00019398596491228073 6500
1752792015943 0.00019348471177944862 7000
1752792232983 0.00019298446115288223 7500
1752792449225 0.00019248320802005013 8000
1752792724110 0.00019198195488721807 8500
1752792940652 0.00019148070175438597 9000
